-0.257241 0.193307 0
0.925804 -0.189539 1
-0.462728 0.064222 0
-0.032537 -0.754144 0
-0.057289 0.563034 0
-0.563145 -0.826105 0
-0.745046 0.133546 0
0.458176 -0.395658 0
0.574046 0.279856 1
0.300669 0.622350 0
0.564154 0.330595 1
-0.106948 0.457996 0
0.818902 -0.482323 1
-0.243426 0.999288 0
0.218298 0.045585 1
-0.105035 0.593475 0
0.806628 0.319522 1
-0.059574 -0.155188 0
0.521173 -0.793015 0
-0.072754 0.000585 0
0.097697 0.789076 0
-0.222563 -0.211335 0
0.029504 -0.959709 0
0.217693 0.202373 0
-0.180555 -0.242461 0
-0.909700 -0.152637 0
-0.537389 -0.203078 0
-0.217762 0.843099 0
0.052941 0.364204 0
-0.278988 -0.038332 0
0.133779 -0.447428 0
0.649171 -0.047909 1
0.532163 -0.747072 0
0.543724 0.107293 1
-0.792126 0.338129 0
-0.256351 -0.128187 0
-0.359583 0.197113 0
-0.062402 0.139345 0
-0.455617 -0.699708 0
0.103690 0.856380 0
0.165794 -0.799249 0
-0.280816 0.471126 0
-0.462945 -0.818851 0
0.089231 0.110930 0
-0.372780 0.318287 0
-0.187005 0.024952 0
-0.087557 -0.016579 0
-0.267633 -0.241483 0
0.220745 -0.959817 0
0.467224 0.724328 0
-0.838864 -0.133250 0
-0.593149 -0.626876 0
-0.241670 -0.603251 0
0.365368 -0.743960 0
0.322251 -0.252175 1
0.609046 -0.820927 0
-0.283536 0.436819 0
-0.665126 -0.122399 0
-0.898866 -0.258529 0
0.261050 0.793288 0
0.771844 0.134576 1
-0.335932 -0.133520 0
-0.030987 -0.830916 0
-0.135304 0.085596 0
0.576715 -0.589810 1
-0.040952 0.690344 0
-0.173854 0.021533 0
-0.755593 0.153105 0
-0.260917 -0.417681 0
0.237256 0.395824 0
-0.209221 0.903525 0
0.116987 0.436996 0
-0.044484 0.342064 0
-0.114119 -0.243475 0
-0.375155 0.871303 0
0.629394 0.453952 1
-0.450104 -0.843035 0
-0.634271 0.089311 0
-0.694461 0.735456 0
0.395976 0.658740 0
0.711979 -0.473836 1
0.084709 -0.886371 0
-0.473122 0.349536 0
-0.554948 -0.530688 0
0.011203 0.639517 0
0.878971 0.502417 1
-0.913314 0.233651 0
0.017697 -0.914818 0
-0.274800 0.348731 0
0.253443 0.024516 1
0.372031 0.703105 0
0.007234 -0.393596 0
0.077164 0.533703 0
-0.124037 -0.680879 0
-0.636046 -0.409435 0
0.463336 0.341664 1
0.278425 0.541390 0
0.058752 -0.867664 0
-0.803359 -0.483182 0
0.632695 0.281948 1
-0.080017 -0.093990 0
-0.516399 -0.159372 0
0.346629 -0.780362 0
-0.766312 -0.435578 0
0.683319 -0.363069 1
0.349745 0.452052 0
-0.021269 0.568454 0
0.348109 -0.842306 0
0.074586 0.337750 0
0.206743 0.493272 0
-0.827891 -0.368665 0
0.175646 0.644891 0
0.831909 0.165359 1
-0.040175 0.737512 0
0.552759 -0.415724 1
0.223883 -0.594102 0
0.386404 0.093237 1
0.341543 -0.237208 1
0.083279 0.471797 0
-0.792547 -0.548264 0
0.366381 0.918299 0
0.841268 0.357404 1
-0.627242 -0.815339 0
-0.102224 0.934035 0
-0.601180 -0.545362 0
-0.727349 0.045526 0
-0.126230 -0.060393 0
-0.564762 0.601266 0
-0.611443 -0.089196 0
0.470335 -0.460873 1
0.230582 -0.054646 1
0.388235 0.602179 0
-0.668032 0.147335 0
-0.531073 0.258653 0
-0.817243 0.240360 0
-0.168494 -0.012036 0
-0.262558 -0.543364 0
0.233070 -0.065305 1
-0.136828 0.743038 0
0.054945 0.879829 0
0.097680 0.899637 0
-0.881775 -0.499778 0
-0.877123 -0.279888 0
-0.749136 -0.101665 0
0.237141 -0.567643 0
-0.096815 -0.154961 0
-0.793845 0.019057 0
0.317804 0.651768 0
0.519121 -0.105801 1
-0.256092 0.198548 0
-0.235913 -0.678693 0
-0.123145 -0.042656 0
-0.290216 -0.608422 0
0.434657 -0.558459 0
-0.002771 0.641207 0
-0.129051 -0.851832 0
-0.278569 0.424357 0
-0.704792 -0.335271 0
-0.107884 -0.959443 0
-0.830266 0.111217 0
-0.204597 -0.776625 0
-0.726972 0.477857 0
-0.689171 0.020965 0
0.922352 0.245775 1
0.254945 0.854086 0
0.862811 -0.605340 1
-0.400110 0.439614 0
0.141777 0.525434 0
-0.447933 0.337995 0
0.255699 0.363792 0
0.507213 -0.531266 0
-0.585827 -0.802010 0
-0.311965 0.235590 0
-0.103505 -0.090836 0
-0.141253 0.296424 0
0.488285 0.065937 1
0.346107 0.874529 0
0.292428 -0.183982 1
-0.870503 0.389116 0
0.849974 0.526141 1
0.784376 0.191356 1
-0.866943 -0.067777 0
-0.560135 0.305861 0
0.096413 -0.464769 0
-0.165939 0.430808 0
-0.606915 -0.802100 0
-0.326729 0.382172 0
-0.646468 -0.338012 0
0.496232 -0.589479 0
0.661864 0.402208 1
-0.792957 -0.326303 0
-0.874662 0.496159 0
0.003260 -0.318369 0
0.596902 -0.267451 1
-0.346797 -0.146265 0
-0.466539 0.674218 0
0.479487 -0.303887 1
0.092646 -0.828537 0
-0.660359 -0.512273 0
0.953063 0.206469 1
0.034874 -0.126174 1
-0.780718 0.246345 0
-0.042122 0.770019 0
-0.534870 0.798327 0
0.684596 -0.470726 1
-0.555527 -0.206317 0
-0.398241 -0.592154 0
-0.199391 0.121158 0
0.931694 0.097666 1
0.315071 -0.935325 0
-0.399540 -0.257613 0
-0.660480 -0.338699 0
0.291542 -0.683020 0
0.033190 -0.375702 0
0.234814 0.944650 0
-0.072603 0.452415 0
-0.621406 0.668696 0
-0.395186 0.736407 0
0.365207 0.335862 1
0.801722 -0.444091 1
-0.563080 0.272428 0
0.629214 0.119041 1
-0.002142 -0.386748 0
-0.192932 0.330686 0
0.458995 0.441896 1
-0.211238 -0.386549 0
0.637454 0.679059 0
0.601842 -0.456542 1
-0.330550 0.780890 0
-0.691531 0.498753 0
0.498277 -0.622343 0
-0.147924 0.631956 0
-0.352789 0.446794 0
0.390124 -0.850024 0
0.284222 -0.000255 1
-0.282530 -0.591093 0
-0.658929 0.110577 0
0.232889 -0.729223 0
-0.000853 -0.454885 0
-0.412522 0.561181 0
-0.242164 0.540115 0
0.417552 0.069196 1
-0.794252 -0.431504 0
-0.711312 0.257301 0
0.941284 -0.340484 1
0.836640 0.402140 1
0.844627 0.421050 1
0.691943 -0.228785 1
0.223559 0.747408 0
0.315339 0.358755 1
0.387555 0.143750 1
0.161367 1.003558 0
0.586908 0.619673 0
-0.199560 -0.050887 0
0.729834 -0.257402 1
-0.825130 -0.280797 0
0.650084 0.531753 0
0.699189 0.066676 1
-0.450454 -0.511292 0
0.747894 -0.431364 1
0.305349 -0.285845 0
0.086018 0.647995 0
-0.762831 -0.137679 0
-0.772848 -0.077163 0
-0.691423 -0.677141 0
-0.908669 -0.164243 0
0.153912 -0.233157 0
0.222342 -0.243457 1
-0.227557 0.872789 0
-0.303701 -0.681883 0
-0.360662 0.762866 0
0.263327 0.734842 0
-0.922207 0.011078 0
-0.830164 -0.270298 0
0.364240 -0.620041 0
0.612994 -0.595030 0
-0.141172 0.559009 0
0.576645 0.814940 0
-0.308833 0.860216 0
0.431186 0.396442 0
-0.329412 0.186415 0
-0.879461 -0.452827 0
-0.491659 0.022899 0
0.588674 0.031959 1
-0.736817 0.292273 0
0.077918 -0.705018 0
0.153588 0.504949 0
0.528048 -0.097804 1
-0.165633 -0.214706 0
0.385867 0.588865 0
-0.172030 0.144833 0
-0.204067 -0.874324 0
0.348197 -0.245910 1
1.012452 -0.382112 1
-0.429949 -0.651925 0
0.775567 -0.565002 1
-0.217997 -0.298164 0
-0.576689 -0.107325 0
-0.055634 0.457544 0
0.645187 0.759966 0
0.145032 -0.082152 1
0.060935 -0.679497 0
0.013874 -0.053911 0
-0.828770 -0.133346 0
0.298808 -0.195682 1
0.678088 0.574650 1
-0.387853 0.802013 0
-0.207053 -0.619585 0
0.497800 -0.151762 1
0.071771 0.749043 0
0.478733 0.701469 0
0.025557 0.029371 1
-0.079827 0.615091 0
0.141778 0.334457 0
0.794320 -0.050560 1
-0.504472 0.199612 0
-0.579698 0.417029 0
0.582963 -0.098719 1
-0.399115 0.177940 0
-0.298195 -0.379410 0
0.532303 -0.555220 0
0.533517 -0.052510 1
0.088066 -1.028148 0
0.059813 -0.437062 0
0.549149 -0.046178 1
-0.166816 -0.754794 0
-0.599695 0.277171 0
0.865255 0.479760 1
0.759342 0.571195 1
0.457393 0.093652 1
-0.392516 0.035229 0
0.032403 0.748031 0
0.141220 0.020290 1
-0.175848 0.237202 0
-0.168298 -0.306139 0
0.204630 0.371064 0
-0.204521 0.278639 0
0.054238 -0.227961 0
-0.532807 -0.742361 0
0.231685 0.221605 0
0.224117 0.811027 0
-0.002649 0.051717 0
0.813444 0.266031 1
0.280550 -0.100266 1
0.197130 0.060444 1
-0.725412 0.506306 0
0.372769 0.975130 0
0.940488 -0.011750 1
0.626620 -0.858212 0
0.080414 0.100023 0
0.692827 0.279005 1
0.488054 -0.772958 0
-0.377430 0.096184 0
-0.431990 -0.682846 0
0.130581 0.613186 0
-0.350886 0.670475 0
0.152956 0.369363 0
-0.440969 0.104744 0
-0.282834 0.744595 0
-0.817401 0.207421 0
-0.683651 0.318130 0
0.209514 -0.912126 0
-0.174612 -0.794679 0
0.400897 -0.165987 1
0.394492 -0.875037 0
-0.029293 -0.398007 0
0.356074 -0.622361 0
0.667977 0.738672 0
0.707681 -0.558534 1
-0.527520 0.570596 0
0.511754 0.782694 0
0.718015 -0.169184 1
0.470871 0.125989 1
-0.145347 0.780136 0
-0.320685 0.296706 0
-0.090728 0.704403 0
-0.686880 0.301103 0
0.220720 -0.799896 0
0.639102 0.395497 1
-0.289074 -0.822836 0
-0.380810 -0.623052 0
-0.150480 0.038240 0
0.817971 0.095290 1
-0.639659 0.041592 0
-0.634367 -0.427197 0
-0.442241 -0.206801 0
-0.986424 0.035765 0
0.943411 0.100342 1
0.094043 0.764105 0
-0.447447 -0.094576 0
-0.166118 0.391286 0
-0.106031 0.110767 0
0.322106 0.678558 0
-0.678414 0.091431 0
-0.429130 0.115491 0
0.402350 -0.816424 0
0.454874 -0.874034 0
-0.179017 0.557297 0
0.309813 -0.583245 0
-0.286377 -0.574287 0
0.422441 -0.302589 1
0.293855 0.163625 1
-0.667522 0.374453 0
0.351048 -0.296737 1
0.236953 -0.830490 0
-0.609880 -0.323090 0
0.769053 -0.201510 1
-0.038261 0.150390 0
0.214904 0.544577 0
0.682965 0.199733 1
0.038877 0.247761 0
0.335410 -0.731974 0
0.127726 -0.240206 0
0.305739 -0.472896 0
0.033456 0.920280 0
0.820150 -0.181698 1
0.438972 -0.212605 1
-0.677172 0.483372 0
-0.281592 -0.272325 0
-0.333607 0.926329 0
0.206151 0.276869 0
-0.835262 0.183570 0
-0.273060 0.792853 0
0.156607 -0.064554 1
-0.053860 0.054230 0
0.686849 0.680028 1
-0.830895 0.431761 0
-0.923743 -0.054474 0
0.475450 -0.528022 0
0.048953 0.216909 0
-0.747733 -0.201802 0
0.326065 -0.774571 0
-0.353058 0.022258 0
0.009793 -0.270795 0
0.575008 -0.324114 1
0.034254 0.184654 0
0.065688 -0.553398 0
-0.133706 0.495972 0
0.711711 -0.049035 1
-0.495914 -0.751041 0
0.120610 0.854660 0
-0.012281 -0.109514 0
-0.095206 0.741909 0
0.794354 -0.135583 1
-0.229085 0.283120 0
-0.200037 0.449541 0
-0.561155 -0.229302 0
-0.375109 -0.820764 0
0.320069 -0.102141 1
0.426979 0.758124 0
0.450589 -0.671755 0
-0.691053 -0.006766 0
0.237633 -0.419449 0
-0.496442 -0.030221 0
-0.225609 -0.845756 0
-0.931654 -0.348481 0
0.495065 -0.688571 0
-0.724166 0.181203 0
-0.037802 -0.068106 0
-0.988437 -0.361030 0
-0.707502 -0.374526 0
0.329266 0.876714 0
0.207461 -0.522706 0
0.902439 -0.038181 1
0.367718 -0.191834 1
-0.163476 -0.347697 0
0.226364 0.475002 0
-0.576065 -0.601597 0
0.401454 -0.747971 0
0.960967 -0.021241 1
-0.274547 0.570548 0
-0.080499 0.190031 0
-0.083209 0.398652 0
0.525955 0.675575 0
0.229770 0.333103 0
-0.183554 0.663868 0
0.972043 -0.186715 1
-0.181993 0.939396 0
-0.693434 -0.065731 0
0.557075 -0.481246 1
0.649537 0.411908 1
0.331919 -0.718801 0
0.842701 -0.076947 1
-0.683987 -0.625868 0
0.363673 -0.909724 0
-0.249865 -0.158555 0
0.120240 -0.170399 1
-0.343013 -0.451324 0
0.372799 -0.387279 1
0.492884 -0.257720 1
-0.080118 -0.084800 0
-0.192063 0.896270 0
-0.577371 -0.071491 0
-0.792549 -0.382422 0
-0.134159 0.832138 0
0.220990 -0.543526 0
-0.432650 0.590498 0
-0.325079 0.335464 0
0.392199 0.473631 0
0.418795 -0.101921 1
0.970509 0.106529 1
-0.196058 -0.039383 0
-0.200248 0.475828 0
-0.531990 0.537827 0
-0.811083 0.327319 0
-0.076277 0.013959 0
-0.156713 -0.321305 0
-0.127163 0.509501 0
0.384734 0.790403 0
0.325550 0.488249 0
-0.321739 0.189099 0
0.472412 -0.003915 1
0.810920 0.490520 1
0.158558 0.381220 0
0.299446 0.920612 0
-0.819968 0.235141 0
0.053295 -0.877883 0
0.233464 0.087884 1
0.470576 0.649578 0
0.356014 -0.344222 0
-0.255600 0.758666 0
-0.307374 0.546360 0
-0.863766 0.357703 0
0.108642 0.786888 0
0.129221 -0.643163 0
0.386296 0.474061 0
-0.534226 0.575243 0
-0.759943 -0.103874 0
-0.569948 0.443164 0
-0.291440 0.482676 0
0.139723 0.431459 0
0.450854 -0.587108 0
0.078696 -0.950432 0
0.078167 0.103412 0
-0.852646 0.142541 0
-0.457434 0.666019 0
-0.323696 0.639957 0
-0.376227 0.816400 0
-0.096593 0.786195 0
0.020056 -0.553255 0
0.758114 -0.435282 1
-0.069593 0.984777 0
0.484838 -0.853835 0
0.822518 -0.379595 1
0.372767 0.021496 1
-0.046420 0.856476 0
0.078021 -0.400525 0
-0.485448 -0.929021 0
0.393531 -0.621254 0
0.290538 -0.722414 0
0.574826 -0.650454 1
-0.200609 -0.317620 0
-0.305734 0.142734 0
0.728261 -0.548884 1
0.282757 0.521851 0
-0.119947 -0.598155 0
-0.000463 0.230927 0
-0.386227 -0.476813 0
0.350177 -0.081999 1
0.054841 -0.307798 0
0.170952 -0.792267 0
0.561386 -0.207062 1
0.454700 0.570289 0
0.508137 -0.181872 1
-0.375275 0.591904 0
-0.858059 -0.459070 0
0.802346 0.379283 1
-0.546434 0.719451 0
0.323248 0.746803 0
-0.361911 0.912518 0
-0.228228 -0.537359 0
0.584485 0.315456 1
-0.181569 0.099692 0
0.746301 0.581761 1
0.783921 0.189682 1
0.331331 0.333725 0
-0.765927 -0.525623 0
-0.138422 -0.613207 0
-0.660456 -0.559696 0
-0.567566 0.196127 0
-0.739585 0.071835 0
0.246918 -0.512106 0
-0.447587 0.235422 0
0.775074 0.404864 1
0.195326 0.926653 0
0.441458 -0.460295 1
0.479589 -0.719782 0
0.887809 -0.013538 1
0.060396 -0.295239 0
0.413919 -0.314963 1
0.239559 -0.423557 0
-0.587621 0.094568 0
0.837835 0.320904 1
-0.918561 0.260056 0
1.011940 0.229969 1
0.013044 -0.801051 0
-0.584640 -0.146106 0
-0.686497 0.399233 0
0.186794 -0.116204 1
0.165208 -0.337137 0
0.157277 -0.516842 0
0.114682 0.252131 0
0.517138 0.697847 0
-0.019114 -0.785333 0
0.008254 0.644930 0
0.776961 0.189453 1
-0.804296 0.582267 0
0.282680 -0.688146 0
-0.439482 0.590263 0
0.447381 -0.509641 1
0.194338 0.355275 0
0.422246 -0.708557 0
0.869115 -0.350862 1
-0.590023 0.806592 0
-0.007629 0.676879 0
0.726199 0.045665 1
0.443393 0.805440 0
-0.822582 -0.593726 0
0.923476 0.036609 1
-0.364327 -0.743748 0
-0.982707 -0.058080 0
0.494582 -0.860314 0
-0.474569 -0.504111 0
0.483053 0.594964 0
0.179771 -0.089382 1
-0.130552 0.145952 0
0.254941 -0.464725 0
0.558456 -0.322740 1
-0.245156 0.048384 0
0.446077 0.462952 0
-0.092654 0.778533 0
-0.143087 -0.898851 0
0.094381 -0.303313 0
0.664110 -0.688596 0
1.022569 0.112289 1
0.054311 0.094882 1
-0.118516 -0.310993 0
0.802986 -0.009365 1
-0.250240 0.373749 0
-0.385205 0.093877 0
0.719282 0.602327 1
0.082809 -0.373337 0
-0.741751 -0.378109 0
0.804023 -0.138701 1
0.294628 -0.136572 1
0.832115 -0.583057 1
0.890400 -0.441926 1
0.139701 -0.954005 0
-0.032127 0.911704 0
0.054100 0.090102 0
0.165250 0.888405 0
0.583269 0.311577 1
-0.474342 0.848236 0
-0.263480 0.682199 0
-0.614311 -0.395346 0
-0.539456 -0.734513 0
-0.914617 -0.270109 0
-0.178510 0.521965 0
-0.672809 -0.122492 0
-0.498304 0.112849 0
0.593127 0.057050 1
-0.948023 0.322860 0
0.545092 0.746620 0
-0.491362 0.138464 0
-0.699888 0.310942 0
-0.692477 0.526193 0
0.893869 0.280574 1
-0.684917 -0.572456 0
0.877425 0.286177 1
0.779912 0.022048 1
-0.222218 0.659512 0
0.592710 0.190163 1
-0.564605 0.645197 0
-0.069538 -0.266823 0
-0.349836 -0.074732 0
-0.002609 -0.315025 0
-0.517976 0.338032 0
-0.367440 0.343326 0
0.162506 -0.090620 1
0.080284 -0.326299 0
0.537792 -0.219730 1
-0.445161 -0.373897 0
-0.941380 0.150216 0
-0.538702 -0.404728 0
-0.058400 -0.505520 0
-0.649984 0.014606 0
0.475577 0.766890 0
0.385161 0.497843 0
0.759605 -0.254067 1
-0.841442 -0.399319 0
0.810936 0.592564 1
-0.588637 -0.298565 0
0.476443 0.342549 1
0.577135 -0.341120 1
-0.638709 0.275933 0
0.091968 0.075559 0
-0.054595 0.235046 0
0.599984 -0.803049 0
-0.926874 0.160082 0
-0.012840 0.547261 0
-0.110511 -0.510474 0
-0.391399 -0.735768 0
-0.233874 -0.534005 0
-0.862247 -0.267266 0
-0.283528 -0.036126 0
-0.868846 -0.023970 0
-0.349128 0.784849 0
-0.170233 0.713771 0
-0.029829 0.107038 0
-0.988067 0.371298 0
0.261330 0.883371 0
0.358600 0.368118 0
-0.040248 0.644459 0
-0.684528 0.221100 0
0.390053 -0.875894 0
-0.667204 -0.539600 0
0.570615 -0.641953 0
0.257797 0.906362 0
-0.350746 0.580352 0
0.490082 0.104545 1
-0.053885 -0.177817 0
-0.126539 -0.621897 0
0.383496 -0.146429 1
-0.053146 -0.424288 0
0.481607 0.686992 0
0.441792 0.359325 1
-0.625700 -0.675049 0
-0.431741 0.865805 0
-0.939033 -0.027069 0
-0.213034 -0.492052 0
-0.810903 -0.187579 0
-0.317255 -0.595685 0
0.552962 -0.273008 1
0.474853 -0.470520 1
-0.064977 -0.031689 0
0.018824 0.663612 0
-0.414624 -0.338340 0
0.399725 -0.186500 1
0.178259 0.462063 0
0.113783 -0.469507 0
0.390200 0.881503 0
-0.516734 0.109871 0
0.188943 -0.755427 0
-0.875184 0.317648 0
0.101487 -1.131850 0
-0.521442 0.488122 0
0.008065 -0.104689 0
-0.621984 0.040468 0
-0.403587 -0.417160 0
0.895603 -0.234366 1
0.369217 0.946985 0
-0.393853 0.691582 0
0.554837 0.618313 1
0.614784 -0.527050 1
-0.874291 0.424103 0
-0.889696 0.321840 0
0.171129 -0.779007 0
-0.527430 -0.155691 0
-0.081755 -0.876250 0
-0.848419 0.464986 0
-0.292364 0.092808 0
0.671804 0.127764 1
0.019716 0.349105 0
-0.005744 0.124786 0
0.681768 0.683595 0
-0.370000 -0.267814 0
-0.404612 -0.303347 0
0.625156 0.357058 1
-0.114578 0.751359 0
-0.017431 0.754575 0
-0.808818 0.077100 0
-0.546648 0.753981 0
0.799868 0.194823 1
0.078499 -0.112957 0
0.015678 0.147454 0
-0.244422 -0.859755 0
0.231599 0.456528 0
-0.048529 -0.893671 0
-0.383319 0.475507 0
-0.263540 0.742767 0
0.023129 -0.445140 0
-0.252533 0.471426 0
-0.156514 -1.041307 0
-0.257660 -0.774610 0
0.505348 0.286979 1
0.425171 0.499018 1
-0.056399 -0.729683 0
-0.363072 -0.550827 0
-0.764100 0.119542 0
0.220682 -0.041286 1
0.006153 -0.092040 0
-0.635164 -0.458865 0
0.383949 0.140477 1
-0.116473 -0.110194 0
0.940049 -0.304985 1
-0.124296 -0.203759 0
-0.382939 0.281925 0
-0.498325 -0.662706 0
0.162017 0.557731 0
0.622248 -0.515242 1
0.189693 0.537898 0
-0.367446 -0.548100 0
-0.966567 0.203794 0
0.305669 0.531951 0
0.355988 -0.963376 0
-0.908670 0.282945 0
-0.006157 -0.172157 0
-0.626846 -0.365157 0
0.723968 0.387165 1
-0.564715 0.661406 0
-0.404691 0.651103 0
0.006551 0.799173 0
0.633740 0.290820 1
0.830696 0.538438 1
-0.319387 0.840889 0
-0.622306 0.411530 0
-0.172801 0.610320 0
0.609047 0.338575 1
-0.467744 -0.826854 0
0.202912 -0.185244 1
-0.369653 -0.069074 0
-0.363740 -0.639798 0
-0.672191 -0.164543 0
0.460698 -0.882010 0
0.369766 -0.099921 1
-0.268072 0.146465 0
-0.094242 0.874742 0
-0.122885 -0.266269 0
-0.056746 -0.130690 0
-0.352160 0.574676 0
-0.030525 0.713903 0
-0.521592 -0.165702 0
-0.421365 -0.135524 0
0.462870 -0.805397 0
0.234879 -0.782783 0
-0.161677 0.755037 0
0.901021 0.057711 1
-0.501303 -0.367774 0
0.286161 -0.944912 0
0.055527 -0.276621 0
-0.064294 -0.561168 0
-0.623230 0.179599 0
-0.355488 0.688950 0
1.009540 0.125046 1
0.035917 -0.898312 0
0.256162 -0.850206 0
-0.050931 0.212556 0
0.218153 0.287303 0
0.572376 0.169432 1
-0.026709 0.717045 0
-0.503727 0.569934 0
-0.153654 0.591467 0
0.525395 0.382524 1
0.392016 0.478002 1
0.600847 0.387393 1
-0.109932 -0.231595 0
-0.839169 0.101665 0
-0.774483 0.583374 0
0.087519 0.588777 0
0.851843 -0.426065 1
-0.254612 0.233610 0
-0.063874 -0.109869 0
-0.696813 0.571094 0
0.129784 -0.638113 0
-0.782550 0.186154 0
0.014859 -0.260712 0
0.765352 -0.434854 1
-0.525089 -0.056279 0
0.036987 -0.909597 0
0.091669 -0.324215 0
0.225334 0.976982 0
-0.525905 0.043282 0
0.848984 0.108168 1
-0.149762 0.124256 0
0.416774 -0.255997 1
0.202375 -0.051732 1
0.545781 -0.453384 1
0.225292 0.305219 0
0.534579 0.335463 1
-0.810857 -0.242263 0
0.175569 -0.720636 0
0.457522 -0.393620 1
0.671648 -0.491291 1
0.067627 0.824214 0
-0.790623 -0.131076 0
0.473749 0.019018 1
-0.115791 0.633477 0
-0.181521 0.554794 0
0.816052 0.125967 1
-0.085159 0.725484 0
-0.930755 -0.224038 0
-0.044954 -0.570690 0
0.624661 -0.772196 0
-0.629328 0.506307 0
-0.979465 -0.016921 0
0.271560 -0.455831 0
0.327285 0.717768 0
-0.137710 -0.831441 0
-0.830440 0.221724 0
-0.186178 0.806010 0
0.628539 0.106249 1
0.678855 0.369441 1
-0.256782 -0.501698 0
0.112160 -0.630068 0
-1.072429 -0.038269 0
-0.895699 -0.077119 0
0.472943 0.056878 1
0.678659 -0.021394 1
-0.448553 -0.186888 0
-0.276489 0.900681 0
-0.745524 0.425059 0
-0.114451 -0.363987 0
-0.339462 0.470632 0
-0.121706 0.724804 0
0.156716 -0.410685 0
0.818139 -0.244114 1
-0.277342 -0.503097 0
-0.490131 0.856516 0
-0.586572 0.742841 0
-0.925392 0.423666 0
0.088676 0.978556 0
-0.821328 0.047664 0
-0.245794 -0.092641 0
0.321220 -0.460595 0
0.234664 -0.486387 0
-0.537590 -0.659408 0
-0.059074 -0.300239 0
-0.166699 0.639494 0
0.535773 0.536829 1
-0.163997 -0.386212 0
-0.335278 0.402234 0
-0.449745 -0.411537 0
-0.293994 -0.890441 0
0.639904 -0.246134 1
-0.030521 -0.836578 0
0.474855 0.002203 1
-0.928882 0.140475 0
-0.448657 0.132823 0
-0.137565 -0.442715 0
-0.607325 -0.174157 0
0.266533 0.116029 1
0.162061 -0.027044 1
0.439483 -0.359240 1
0.190612 0.389987 0
0.320392 -0.864941 0
-0.652509 -0.567696 0
-0.222689 -0.676330 0
0.865221 -0.168836 1
0.193170 0.046557 1
0.125320 -0.453360 0
-0.105959 0.631267 0
0.017124 0.819240 0
0.686249 -0.133460 1
-0.240125 -0.731635 0
0.165751 -0.347934 0
0.367789 -0.290926 1
-0.123979 -0.570340 0
-0.088339 -0.332086 0
0.254082 0.340758 0
0.903885 -0.351835 1
-0.284161 -0.470703 0
0.187020 0.527594 0
-0.436808 -0.283303 0
0.180396 -0.810454 0
-0.540563 0.172433 0
-0.014603 0.861365 0
-0.606361 0.320587 0
-0.189809 0.295822 0
0.231884 0.697993 0
0.595128 -0.064697 1
-0.469476 0.244401 0
0.863287 -0.446997 1
0.148987 0.608231 0
0.000156 0.009536 1
0.719843 0.438546 1
-0.427920 -0.026716 0
0.370800 0.030021 1
-0.333101 -0.216492 0
0.151494 0.210809 0
-0.287390 0.092557 0
-0.558654 0.429885 0
0.096681 -0.007190 1
0.364828 -0.080614 1
-0.184585 0.168372 0
0.593031 -0.444569 1
-0.047522 0.063897 0
0.466598 0.868836 0
-0.809882 0.100971 0
0.492218 0.359228 1
0.363101 -0.650289 0
-0.776142 0.526629 0
0.428990 0.576649 0
-0.462203 0.483390 0
-0.649168 -0.487296 0
0.125027 -0.284787 0
0.490147 -0.371320 1
-0.098203 -0.484350 0
0.328273 -0.204920 1
0.296455 0.181075 1
-0.607616 0.309126 0
