0.179501 3.216813 1
1.340959 1.311572 1
1.483597 3.505343 1
0.775954 -0.253849 0
0.395232 1.626441 1
0.839433 0.927883 1
0.374031 1.268169 1
0.330141 0.369217 0
1.938777 3.140687 1
1.703010 1.406003 1
0.304452 -0.183743 0
1.726606 0.380842 0
2.542893 4.001444 1
3.052194 2.627616 1
1.371838 0.575931 0
0.894356 0.404572 0
2.133186 3.316174 1
2.263400 2.933959 1
2.613680 0.178160 0
1.735525 3.126233 1
0.960914 3.135903 1
1.555003 1.393202 1
-0.308188 1.406756 1
0.337983 0.678992 0
2.134958 3.128708 1
0.862990 -0.244084 0
0.361934 0.072467 0
2.163525 3.038892 1
1.164244 0.172022 0
0.866078 0.881855 1
0.557413 0.423407 0
0.475890 0.901667 1
0.243213 0.589006 1
0.168267 0.083613 0
0.167523 0.969009 1
1.609674 0.132130 0
0.237437 1.419096 1
1.145798 -0.142133 0
0.232771 0.559718 0
-0.126220 0.475855 0
2.819735 3.227528 1
1.791355 0.709717 1
-1.085297 -0.254493 0
2.395009 2.915269 1
1.310400 0.322243 0
1.759983 2.774048 1
1.721417 3.650562 1
0.534827 0.738696 1
1.297270 2.443837 1
2.555394 3.109320 1
0.804766 0.058599 0
1.506287 -0.439178 0
1.229440 -0.544315 0
0.845058 0.944774 1
0.854000 0.977500 1
1.326661 1.494744 1
0.991876 0.453779 0
0.415709 0.005563 0
1.185451 2.378966 1
1.150909 0.982741 1
1.285015 2.761893 1
1.533489 -0.169721 0
1.957952 -0.201567 0
0.905485 0.297707 0
1.481578 -0.330351 0
1.115125 2.702823 1
1.099768 0.184718 0
0.369743 0.702791 1
2.507207 0.396319 0
1.934926 3.392774 1
1.552932 3.200806 1
2.499850 2.643912 1
1.596045 2.999074 1
3.447620 3.136004 1
1.274610 0.903285 1
0.373033 1.290159 1
1.656325 3.347609 1
2.048137 1.189837 1
2.487143 3.368804 1
0.774038 0.386636 0
1.244384 1.129946 1
0.879974 1.295870 1
0.619457 -0.129729 0
1.423390 -0.008081 0
1.692265 -0.378104 0
0.345201 -0.504002 0
1.458609 0.477901 0
1.368451 0.987183 1
-0.392158 0.662520 0
1.631476 2.222716 1
0.181527 1.157377 1
2.654039 3.369774 1
2.328709 2.973875 1
-0.052384 0.227892 0
0.293954 0.463164 0
-0.220288 -0.314709 0
1.243153 -0.416416 0
0.351542 0.977408 1
2.050462 3.200991 1
2.213436 3.089775 1
